@ case.vol Unitcell_volume: 24546.7   Density: 1.00036   AV_A^3: 3357.5 AV_Volume_fraction: 0.13678 AV_cm^3/g: 0.136731 NAV_A^3: 0 NAV_Volume_fraction: 0 NAV_cm^3/g: 0
Number_of_channels: 8 Channel_volume_A^3: 416.312  425.64  414.348  411.402  399.62  433.494  424.658  432.022  
Number_of_pockets: 0 Pocket_volume_A^3: 
