@ HKUST1.sa Unitcell_volume: 18166.4   Density: 0.884635   ASA_A^2: 2902.17 ASA_m^2/cm^3: 1597.55 ASA_m^2/g: 1805.88 NASA_A^2: 81.8483 NASA_m^2/cm^3: 45.0548 NASA_m^2/g: 50.9304
Number_of_channels: 1 Channel_surface_area_A^2: 2902.17  
Number_of_pockets: 8 Pocket_surface_area_A^2: 10.8951  9.99467  9.6345  9.54446  9.90463  10.4449  10.9851  10.4449  
