@ case.vol Unitcell_volume: 18166.4   Density: 0.884635   AV_A^3: 4663.67 AV_Volume_fraction: 0.25672 AV_cm^3/g: 0.290199 NAV_A^3: 23.6163 NAV_Volume_fraction: 0.0013 NAV_cm^3/g: 0.00146953
Number_of_channels: 1 Channel_volume_A^3: 4663.67  
Number_of_pockets: 4 Pocket_volume_A^3: 6.90322  5.44991  5.08658  6.17657  
