@ MIL-100-primitive.sa Unitcell_volume: 96877.8   Density: 0.705418   ASA_A^2: 12816.2 ASA_m^2/cm^3: 1322.93 ASA_m^2/g: 1875.38 NASA_A^2: 117.955 NASA_m^2/cm^3: 12.1757 NASA_m^2/g: 17.2602
Number_of_channels: 1 Channel_surface_area_A^2: 12816.2  
Number_of_pockets: 34 Pocket_surface_area_A^2: 2.25105  2.25105  2.07097  1.89088  2.07097  2.88135  0  8.10379  7.74362  7.20337  7.74362  2.43114  1.89088  1.89088  2.52118  1.89088  2.52118  3.33156  1.98093  2.43114  3.06143  2.52118  2.70126  1.89088  1.89088  2.43114  2.88135  2.97139  2.97139  7.20337  8.28387  7.11333  6.75316  0.180084  
